1 1
1 10
100 200
201 210
900 1000
183749 871233
234 1093
832 123
486146 547153
423834 727350
971722 580193
210767 905971
385060 246960
260546 136776
232689 244698
175876 336412
291557 867986
557871 373869
583179 345738
394529 672198
499888 765522
472471 477774
23263 822906
574860 884343
273314 332893
123558 41185
522901 668522
912599 687122
610371 423614
973699 975911
821554 323471
297982 621905
788481 735606
227232 626658
361949 600104
454020 983013
6760 594979
558056 465035
767012 237187
854469 428946
516532 250671
260848 557494
594864 143887
21015 721144
386343 852813
927548 170144
417310 828359
987773 641739
807479 178059
947063 600801
996979 437955
449587 501910
992112 542463
828843 19890
192809 740100
168425 988433
453017 574383
410832 552719
646767 8433
202119 594120
334709 309072
27638 594107
40116 753996
854923 142031
529367 251300
910309 629701
45878 716114
859226 202755
100583 862551
230368 236286
21082 591336
877909 119130
447040 25207
337598 845063
392144 69486
735511 593852
780097 494595
638502 762183
289837 974713
597614 834121
527448 524352
726205 428802
885613 178813
775804 851621
593632 499688
669882 189317
586126 437421
546234 676055
750777 580332
372567 410171
307402 347908
526943 104990
220183 677590
589854 376783
507810 365013
955632 171077
313489 425226
332860 668161
568417 476609
846246 365602
298975 467911
355835 508256
897061 744966
535519 604008
153098 763246
607447 979969
223797 135541
149854 509796
392107 495831
806146 271148
941140 872337
280368 215754
293672 516723
601096 229916
990537 339509
153553 631891
692590 533044
260395 501074
174508 929060
956207 972531
968448 339264
64400 817978
953839 472009
887734 161327
993056 631544
972139 102014
394777 756341
945474 782018
842360 471671
606944 244876
478818 138314
194430 291260
256837 938903
364113 495178
394288 488580
12294 602640
487350 316651
1829 784638
129038 395056
903512 776004
314951 968843
666692 926735
529933 518939
655868 127466
300161 660090
633344 606972
146193 983937
938148 494392
34377 20467
555003 308997
371160 915226
867759 57253
632698 424949
447839 523608
613148 997311
808381 670839
693367 812264
973180 725536
604252 25591
423835 231543
290648 576037
236681 917791
234109 27542
960280 475195
79400 546116
499236 346984
707880 891711
897232 394214
